%YAML:1.0
---
type: IMU
name: HFI-A9
Gyr:
   unit: " rad/s"
   avg-axis:
      gyr_n: 2.1908348958778684e-03
      gyr_w: 2.3231160338278684e-05
   x-axis:
      gyr_n: 2.0008336155221459e-03
      gyr_w: 2.7776094104388419e-05
   y-axis:
      gyr_n: 2.5496950702179233e-03
      gyr_w: 2.0040379410018859e-05
   z-axis:
      gyr_n: 2.0219760018935365e-03
      gyr_w: 2.1877007500428773e-05
Acc:
   unit: " m/s^2"
   avg-axis:
      acc_n: 3.6225352484975402e-02
      acc_w: 4.2833363074887498e-04
   x-axis:
      acc_n: 5.4270272033563653e-02
      acc_w: 8.7646577863459689e-04
   y-axis:
      acc_n: 5.3819028301769517e-02
      acc_w: 4.0243392256649960e-04
   z-axis:
      acc_n: 5.8675711959303364e-04
      acc_w: 6.1011910455283780e-06
