%YAML:1.0
---
type: IMU
name: HFI-A9
Gyr:
   unit: " rad/s"
   avg-axis:
      gyr_n: 2.1406907286818477e-03
      gyr_w: 4.4954153145893635e-06
   x-axis:
      gyr_n: 2.1006086962369365e-03
      gyr_w: 4.0414831289509240e-06
   y-axis:
      gyr_n: 2.2071304452560350e-03
      gyr_w: 3.4089850010161101e-06
   z-axis:
      gyr_n: 2.1143330445525712e-03
      gyr_w: 6.0357778138010558e-06
Acc:
   unit: " m/s^2"
   avg-axis:
      acc_n: 3.2660225915057128e-02
      acc_w: 2.7555562582071694e-04
   x-axis:
      acc_n: 4.7192804425988714e-02
      acc_w: 5.0782267694401864e-04
   y-axis:
      acc_n: 4.9580731605603702e-02
      acc_w: 3.0601743709324621e-04
   z-axis:
      acc_n: 1.2071417135789675e-03
      acc_w: 1.2826763424886130e-05
