mean_w_x:  -4.790078349778413e-05
mean_w_y:  4.870994092704488e-05
mean_w_z:  -2.1142297199202956e-05
mean_a_x:  0.06588303532138831
mean_a_y:  0.004122329300778161
mean_a_z:  9.799633131623503