%YAML:1.0
---
type: IMU
name: LINS354
Gyr:
   unit: " rad/s"
   avg-axis:
      gyr_n: 2.2290822678191695e-03
      gyr_w: 1.3099989079489795e-05
   x-axis:
      gyr_n: 2.7288712996054276e-03
      gyr_w: 1.4556084201477997e-05
   y-axis:
      gyr_n: 2.0121054910328348e-03
      gyr_w: 1.5593063681696877e-05
   z-axis:
      gyr_n: 1.9462700128192454e-03
      gyr_w: 9.1508193552945097e-06
Acc:
   unit: " m/s^2"
   avg-axis:
      acc_n: 2.0601865035784931e-02
      acc_w: 1.7965991059692090e-04
   x-axis:
      acc_n: 1.9164972601647533e-02
      acc_w: 1.9738145130185897e-04
   y-axis:
      acc_n: 2.1261511282493852e-02
      acc_w: 1.7931972571826900e-04
   z-axis:
      acc_n: 2.1379111223213409e-02
      acc_w: 1.6227855477063473e-04
